"Region"	"fylkenr"	"idnr"	"densMoose16"	"densRed16"	"densRoe16"	"densreinhunters"	"densmoosehunters"	"densredhunters"	"densroehunters"	"densHuman17"	"kdensrein17"	"reinhunters17"	"moosehunters17"	"redhunters17"	"roehunters"	"humans2017"	"totareal"
"West"	"11"	1	0.038332453	0.153329812	0.532395182	0.231666191	2.664161194	3.127493576	3.590825958	34.51594577	0	10	115	135	155	14899	431.66
"West"	"11"	2	0	0.044490319	0.622864465	1.090321367	2.998383758	7.087088883	7.359669224	101.7051771	0	20	55	130	135	18656	183.43
"West"	"11"	3	0	0	0	18.1974014	36.39480279	76.28910585	61.59120472	1857.940684	0	130	260	545	440	132729	71.44
"West"	"11"	4	0	0.243402573	0.876249264	2.134910416	7.061626761	14.12325352	12.64523862	247.9682026	0	65	215	430	385	75497	304.46
"West"	"12"	5	0	1.680919721	0	0.696330876	1.740827191	13.57845209	1.740827191	131.0564343	0	10	25	195	25	18821	143.61
"South"	"10"	6	0.161357012	0.06807249	0.201696266	0.325005816	2.925052348	2.491711259	2.383375987	3.687732664	0.05252612	15	135	115	110	1702	461.53
"South"	"10"	7	0.192285663	0.049094212	0.306838824	0.199089312	5.972679361	5.176322113	5.176322113	7.027852714	0	5	150	130	130	1765	251.14
"West"	"12"	8	0.020472757	0.719276193	0	0.415360746	0.830721491	2.298329459	0.055381433	8.03806115	0.028267877	75	150	415	10	14514	1805.66
"West"	"14"	9	0	1.692331949	0	0	0.11632257	1.977483685	0	2.996469395	0	0	5	85	0	1288	429.84
"West"	"15"	10	0	1.6	1.571428571	1.246486753	2.492973506	12.46486753	9.971894023	203.8255138	0	5	10	50	40	8176	40.11
"South"	"9"	11	0.118446434	0.037602043	0.197410723	0.181745035	2.635303006	1.999195384	1.999195384	6.568265562	0	10	145	110	110	3614	550.22
"East"	"6"	12	0.218197687	0.063277329	0	0.597630511	1.024509447	0.811069979	0.213439468	4.028883399	0.199813259	70	120	95	25	4719	1171.29
"West"	"14"	13	0.012429308	0.518923622	0	0.919672685	0.476867318	0.885610734	0.034061951	1.217374139	0.181566271	135	70	130	5	1787	1467.91
"East"	"5"	14	0.140665881	0.175050874	0	0.033217371	0.863651637	0.830434266	0.398608448	1.060298471	0	5	130	125	60	1596	1505.24
"East"	"5"	15	0.284380157	0.344064881	0.193097637	0.481805347	0.337263743	0.385444277	0.433624812	1.060935374	0.099571551	100	70	80	90	2202	2075.53
"West"	"15"	16	0	1.479158127	0.267317734	0.415694266	1.247082798	11.22374519	6.651108258	38.8009028	0	5	15	135	80	4667	120.28
"West"	"15"	17	0	1.631258161	0.174362511	0.426033655	0.852067309	5.396426292	2.982235582	18.68015564	0	15	30	190	105	6577	352.08
"West"	"15"	18	0.043605421	1.227181128	0.295893927	0.523618715	1.963570182	3.403521649	2.879902934	6.835842328	0	20	75	130	110	2611	381.96
"South"	"8"	19	0.182453313	0.083624435	0.72221103	0.491189456	8.186490937	7.367841843	9.332599668	34.66487722	0	15	250	225	285	10586	305.38
"East"	"6"	20	0.222687796	0.065897409	0.488549757	0.582426577	3.882843849	2.620919598	3.688701657	26.76444265	0	30	200	135	190	13786	515.09
"East"	"6"	21	0.187625661	0.014214065	0.223871528	0.25721856	2.8937088	1.73622528	2.21851008	19.31325558	0	40	450	270	345	30034	1555.1
"East"	"6"	22	0.325656488	0.102112627	0	0.375580379	1.40842642	1.032846042	0.375580379	8.660883535	0	20	75	55	20	4612	532.51
"East"	"5"	23	0.232378002	0.098115156	0	0	1.511092612	1.295222239	0.64761112	4.563499689	0	0	70	60	30	2114	463.24
"East"	"5"	24	0.245259166	0.260429836	0.063211125	0.708278138	0.464807528	0.48694122	0.354139069	0.906596016	0.138822247	160	105	110	80	2048	2259
"West"	"16"	25	0	1.513493858	0.550216418	0.073529412	0.367647059	2.132352941	1.470588235	6.851470588	0	5	25	145	100	4659	680
"East"	"6"	26	0.254346787	0.061043229	0.661301645	0.513344134	3.336736873	2.566720671	3.080064805	34.76366477	0	10	65	50	60	6772	194.8
"East"	"2"	27	0.633627518	0	1.810364336	2.334760135	11.67380067	5.836900336	11.67380067	183.780644	0	20	100	50	100	15743	85.66
"East"	"2"	28	0.173093567	0	0.769304741	4.253335594	16.30445311	9.215560454	13.46889605	530.3342374	0	30	115	65	95	37406	70.53
"East"	"2"	29	0.365879155	0	1.306711269	6.486692114	27.24410688	12.32471502	20.75741476	691.1700181	0	50	210	95	160	53276	77.08
"East"	"2"	30	0.644665394	0.008264941	1.735637599	0.792194452	10.29852788	4.357069486	8.51609036	139.0380483	0	20	260	110	215	35102	252.46
"East"	"5"	31	0.067178503	0	0.19193858	0.342592897	4.111114762	1.370371587	3.425928969	31.10743503	0	10	120	40	100	9080	291.89
"East"	"5"	32	0.479229927	0.043378571	0.072297618	0.546937075	1.953346696	0.937606414	1.172008018	7.941526329	0.084556543	35	125	60	75	5082	639.93
"East"	"4"	33	0.219770777	0.018727334	0.016524119	0.438610643	0.877221287	0.415525873	0.277017248	1.168089397	0.097753387	95	190	90	60	2530	2165.93
"West"	"16"	34	0.131444271	0.010774121	0.096967085	0.785123967	1.198347107	0.619834711	0.619834711	1.690909091	0.205731394	95	145	75	75	2046	1210
"West"	"16"	35	0.086139389	0.579483164	0.215348473	0.157728707	4.100946372	4.416403785	2.839116719	5.397476341	0	5	130	140	90	1711	317
"North"	"17"	36	0.534639765	0.010483133	0.331965867	0	3.837209302	1.627906977	2.674418605	8.093023256	0	0	165	70	115	3480	430
"North"	"17"	37	0.58654106	0.124223762	0.24972818	0.106609808	6.076759062	4.21108742	3.891257996	25.18656716	0	10	570	395	365	23625	938
"West"	"16"	38	0.406205924	0.067700987	0.197461213	0	1.291989664	0.775193798	0.645994832	2.527131783	0	0	50	30	25	978	387
"North"	"17"	39	0.344216409	0.081524939	0.075486055	0	2.408637874	1.661129568	1.328903654	4.177740864	0	0	145	100	80	2515	602
"East"	"1"	40	0.21875	0	0.15625	0	2.730083603	0.27300836	1.365041801	3.740214536	0	0	50	5	25	685	183.14
"East"	"4"	41	0.236606519	0	0.02521217	0.049760733	2.272406798	0.132695287	0.613715705	2.172885333	0	15	685	40	185	6550	3014.43
"North"	"17"	42	0.290055887	0.007389959	0.046187243	0	0.86410055	0.274941084	0.432050275	1.970149254	0	0	110	35	55	2508	1273
"North"	"18"	43	0.179466878	0	0	0	0.55678099	0	0	0.979934542	0	0	30	0	0	528	538.81
"North"	"18"	44	0.233619361	0	0	0	1.142248375	0.049662973	0.049662973	2.525858798	0	0	115	5	5	2543	1006.79
"North"	"18"	45	0.262833676	0	0	0	0.809588109	0	0	10.62179599	0	0	20	0	0	2624	247.04
"North"	"18"	46	0.214226861	0	0	0	1.730293462	0	0	14.36558844	0	0	125	0	0	10378	722.42
"North"	"19"	47	0.226942843	0	0	0	0.877653049	0.097517005	0.097517005	5.823715565	0	0	45	5	5	2986	512.73
"North"	"18"	48	0.184608541	0	0	0	0.914656315	0	0.024720441	9.27313181	0	0	185	0	5	18756	2022.62
"North"	"19"	49	0.186193533	0	0	0	0.832113222	0.018491405	0.018491405	1.477093426	0	0	225	5	5	3994	2703.96
"North"	"19"	50	0.185893931	0	0	0	0.738239736	0	0	3.538629137	0	0	60	0	0	2876	812.74
"North"	"19"	51	0.207612457	0	0	0	0.73995802	0	0	6.156450724	0	0	35	0	0	2912	473
"North"	"19"	52	0.094628802	0	0	0	0.1422982	0	0	0.584845602	0	0	30	0	0	1233	2108.25
"North"	"20"	53	0.022738095	0	0	0	0.36677654	0	0	0.494414775	0	0	200	0	0	2696	5452.91
"West"	"12"	54	0	1.103977223	0	0	0	6.010718063	0.751339758	73.82664461	0	0	0	40	5	4913	66.55
"West"	"12"	55	0	0.908402725	0	1.350002554	2.025003832	14.51252746	0.675001277	170.1273219	0	20	30	215	10	25204	148.15
"West"	"12"	56	0	1.322345466	0	0.315173981	0.525289968	6.828769588	0.105057994	33.05334596	0	15	25	325	5	15731	475.93
"West"	"11"	57	0.029887548	0.328763029	0.485672657	0.916698529	3.208444851	6.646064334	5.958540437	58.03618386	0.05252612	20	70	145	130	12662	218.17
"West"	"12"	58	0.012936611	0.224234584	0	1.082971546	0.278478398	0.866377237	0.092826133	4.347357206	0.132011672	175	45	140	15	7025	1615.92
"West"	"12"	59	0	0.804111747	0	0.238166983	0.238166983	2.14350285	0	5.277780351	0	5	5	45	0	1108	209.94
"West"	"12"	60	0	0.780969479	0	0.121315451	0	0.485261804	0	0.929276354	0.028264556	5	0	20	0	383	412.15
"West"	"15"	61	0	1.803178484	0.916870416	1.704366232	0	17.04366232	6.817464928	153.5122665	0	10	0	100	40	9007	58.67
"West"	"15"	62	0	1.536	0.12	0.575800861	0.575800861	7.677344807	3.262871543	35.74571742	0	15	15	200	85	9312	260.51
"South"	"10"	63	0.151716077	0.008428671	0.421433548	0.780310726	10.66424659	7.412951897	10.66424659	37.51994074	0	30	410	285	410	14425	384.46
"South"	"9"	64	0.135139333	0.090092889	0.333965019	0.444968591	3.782233022	3.633910159	3.856394454	7.680157878	0	30	255	245	260	5178	674.2
"South"	"9"	65	0.100304496	0.171950564	1.468744403	1.576877693	9.986892058	9.986892058	12.61502155	56.25248358	0	30	190	190	240	10702	190.25
"South"	"9"	66	0.082610645	0.047338684	0.129949329	0.08844811	1.370945702	1.149825428	0.884481098	1.641596918	0.019826518	10	155	130	100	1856	1130.61
"South"	"8"	67	0.138842975	0.039669421	0	0.631707517	1.895122551	1.326585786	0.505366014	2.012620149	0.2319202	50	150	105	40	1593	791.51
"West"	"15"	68	0	2	0.546875	0	0	5.277755265	4.222204212	22.00823946	0	0	0	50	40	2085	94.74
"West"	"15"	69	0.016155089	0.581583199	2.665589661	0	3.397032508	7.643323143	8.49258127	60.24637153	0	0	20	45	50	3547	58.87
"West"	"15"	70	0.009179674	1.061782264	0.581379338	0.270674937	2.5714119	5.819511143	4.872148864	26.3664456	0	10	95	215	180	9741	369.45
"West"	"15"	71	0	0.687088811	0	0	0.354790817	1.596558678	0.532186226	7.663481655	0	0	10	45	15	2160	281.86
"South"	"8"	72	0.14230824	0.168522915	0.973687955	0.986738921	8.88065029	8.88065029	9.702932725	46.50171622	0	30	270	270	295	14138	304.03
"East"	"6"	73	0.215030382	0.038657147	0	0.890271235	2.559529802	1.891826375	0.778987331	3.113723646	0.122473963	40	115	85	35	1399	449.3
"East"	"6"	74	0.175395193	0.036925304	0	0.141948928	0.922668031	0.780719103	0.212923392	1.53446791	0.457831325	10	65	55	15	1081	704.48
"East"	"5"	75	0.293728532	0.012137543	0	0	1.415646095	0.762270974	0.435583414	2.942365961	0	0	65	35	20	1351	459.15
"East"	"5"	76	0.234404537	0.120982987	0.11342155	1.099833077	0.953188667	0.916527565	0.513255436	1.961368988	0.103525953	150	130	125	70	2675	1363.84
"East"	"5"	77	0.242761693	0.071269488	0.111358575	0.497397959	1.823792515	1.713259635	0.773730158	6.539125163	0.085184183	45	165	155	70	5916	904.71
"West"	"15"	78	0.098288016	0.670292044	0.088620342	0.073246278	2.234011487	2.417127183	1.794533818	4.384522217	0	10	305	330	245	5986	1365.26
"East"	"6"	79	0.173913043	0	0.434782609	2.46523656	6.573964161	5.752218641	11.91531004	203.1190577	0	30	80	70	145	24718	121.69
"East"	"6"	80	0.150338261	0	0.801804059	4.000443168	11.2739762	10.18294625	17.09280263	497.2405387	0	55	155	140	235	68363	137.48
"East"	"1"	81	0.287463708	0	2.155977808	2.362439793	16.53707855	5.512359517	20.47447821	510.3972425	0	15	105	35	130	32407	63.49
"East"	"3"	82	0.204292251	0	0.264171014	14.09611627	36.45167567	24.11757393	27.53147709	1468.548811	0	640	1655	1095	1250	666759	454.03
"East"	"4"	83	0.513497653	0.00505909	0.246630646	0.429303511	3.356372903	1.053744981	2.497765881	26.4154353	0.084556543	55	430	135	320	33842	1281.14
"East"	"2"	84	0.221229874	0.049162194	0.587215098	0.547514088	5.803649331	3.066078892	5.475140878	53.47022582	0	25	265	140	250	24415	456.61
"East"	"5"	85	0.287417219	0.068874172	0.079470199	0.721422275	1.402765534	1.042054397	0.881738336	3.608714533	0.084556543	90	175	130	110	4502	1247.54
"East"	"4"	86	0.155702409	0.03420348	0.025524985	0.141529108	0.660469173	0.235881847	0.141529108	0.584357963	0.132071268	45	210	75	45	1858	3179.56
"East"	"4"	87	0.255009107	0.036429872	0.063752277	0.939136893	1.134790413	0.547829854	0.391307039	1.2341824	0.105536711	120	145	70	50	1577	1277.77
"East"	"4"	88	0.146569142	0.026056736	0.070570328	0.848762428	1.962763116	1.379238946	0.742667125	2.58978636	0.150091637	80	185	130	70	2441	942.55
"East"	"4"	89	0.249551167	0.001795332	0.143626571	0.672764585	1.729966077	0.384436906	0.720819199	1.886624116	0.205731394	70	180	40	75	1963	1040.48
"West"	"16"	90	0.486486486	0.108108108	5.675675676	0	9.589041096	9.589041096	10.2739726	72.47945205	0	0	70	70	75	5291	73
"West"	"16"	91	0.415030923	0.657699277	0.079377499	0.084175084	5.134680135	4.882154882	2.693602694	20.01851852	0	5	305	290	160	11891	594
"West"	"16"	92	0.290773014	0.316057624	0.711129653	0	3.90625	3.515625	4.557291667	12.55729167	0	0	150	135	175	4822	384
"North"	"17"	93	0.331170635	0.053414619	0.142438983	0	1.307189542	0.435729847	0.653594771	2.374727669	0	0	60	20	30	1090	459
"North"	"17"	94	0.630715863	0	1.20887207	0	4.858934169	0.313479624	3.761755486	13.84952978	0	0	155	10	120	4418	319
"East"	"4"	95	0.349448591	0.007341357	0.117461711	0.070895743	2.126872297	0.425374459	0.921644662	5.307255337	0	5	150	30	65	3743	705.26
"North"	"17"	96	0.668350711	0.036300198	0.170824463	0.136986301	4.109589041	1.232876712	1.712328767	5.260273973	0	10	300	90	125	3840	730
"North"	"17"	97	0.317762047	0.011348645	0.056743223	0.044014085	1.672535211	0.396126761	0.616197183	2.17165493	0	5	190	45	70	2467	1136
"North"	"17"	98	0.119733487	0	0	0	0.47318612	0.063091483	0.063091483	0.295899054	0	0	75	10	10	469	1585
"North"	"18"	99	0.173936313	0	0	0	0.577436101	0	0.037253942	0.52677074	0	0	155	0	10	1414	2684.28
"North"	"18"	100	0.264166476	0	0	0.011209121	1.300258059	0.033627364	0.168136818	5.851385448	0	5	580	15	75	26101	4460.65
"North"	"18"	101	0.278136998	0	0	0	0.830851255	0	0.151063864	3.057532617	0	0	55	0	10	2024	661.97
"North"	"18"	102	0.243248127	0	0	0	2.093465535	0.104673277	0.104673277	19.77068851	0	0	100	5	5	9444	477.68
"North"	"18"	103	0.455978006	0	0	0	1.677251134	0.088276375	0.088276375	14.14010983	0	0	95	5	5	8009	566.4
"North"	"19"	104	0.235903782	0	0	0	4.037072632	0.224281813	0.112140906	55.72281641	0	0	180	10	5	24845	445.87
"North"	"19"	105	0.265552004	0	0	0	0.828689541	0	0	3.566679786	0	0	25	0	0	1076	301.68
"North"	"19"	106	0.26197622	0	0	0	3.031178532	0	0	9.633636497	0	0	110	0	0	3496	362.9
"North"	"20"	107	0	0	0	0	0.105986471	0	0	0.803377451	0	0	15	0	0	1137	1415.27
"West"	"11"	108	0	0	2.609433101	2.892873797	8.678621392	18.08046123	14.46436899	376.3050236	0	20	60	125	100	26016	69.14
"West"	"11"	109	0	0.283946861	0	0.765709651	0.765709651	7.657096507	5.359967555	74.91703222	0	5	5	50	35	4892	65.3
"West"	"12"	110	0	1.27388535	0	0.540021442	1.080042884	12.9605146	0.540021442	86.6302397	0	5	10	120	5	8021	92.59
"West"	"12"	111	0	1.571208918	0	3.97364973	4.295837546	32.2187816	2.470106589	598.3156618	0	185	200	1500	115	278556	465.57
"West"	"14"	112	0	1.331886141	0	0	0.083730339	2.595640506	0.083730339	3.970492671	0	0	5	155	5	2371	597.16
"West"	"14"	113	0	2.117148906	0	0.153141179	0.153141179	3.369105947	0	9.387554299	0.021205357	5	5	110	0	3065	326.5
"West"	"14"	114	0	1.486141728	0	0	0.433616184	5.203394209	0.072269364	17.34320198	0	0	30	360	5	11999	691.86
"South"	"10"	115	0.120769678	0.106194027	0.395624806	0.2761258	4.418012804	4.233928937	4.32597087	16.73322349	0	15	240	230	235	9090	543.23
"South"	"10"	116	0.030649999	0.017514285	1.466821376	0.899135074	13.26224235	11.68875597	18.43226903	70.1325358	0	20	295	260	410	15600	222.44
"West"	"11"	117	0.012777376	0.157587632	0.212956259	0.242902469	0.890642385	1.700317281	1.781284771	19.27350122	0.05252612	15	55	105	110	11902	617.53
"West"	"11"	118	0.035785153	0.28985974	0.178925765	0.275353089	0.826059266	1.193196717	0.734274903	2.485520547	0.05252612	30	90	130	80	2708	1089.51
"West"	"12"	119	0	1.684892289	0	0.195960077	0.195960077	5.878802303	0.195960077	31.45551152	0	5	5	150	5	8026	255.15
"West"	"12"	120	0.042852245	0.875410157	0	0.750606065	0.321688313	1.000808086	0.107229438	2.414092077	0.159574013	105	45	140	15	3377	1398.87
"West"	"14"	121	0	1.533136202	0	0.055069242	0.055069242	2.367977409	0	4.614802485	0.028264556	5	5	215	0	4190	907.95
"West"	"14"	122	0	1.089510268	0	0.426257599	0.426257599	5.967606393	0.17050304	22.18074045	0.020579963	25	25	350	10	13009	586.5
"West"	"14"	123	0	2.038547072	0	0.074584321	0.149168643	2.013776676	0	4.548151915	0.019920072	5	10	135	0	3049	670.38
"West"	"15"	124	0	0.946674389	0	0	0.417466349	5.427062543	0.417466349	74.78492184	0	0	5	65	5	8957	119.77
"West"	"15"	125	0	0.91954023	0	5.077138113	6.092565736	42.64796015	16.75455577	479.2716836	0	50	60	420	165	47199	98.48
"West"	"15"	126	0	1.6	0	0	0	4.895646707	2.447823353	60.99975797	0	0	0	10	5	1246	20.43
"South"	"10"	127	0.113785915	0.040791177	0.418646291	0.253073492	5.314543335	4.555322859	4.934933097	5.843466934	0	10	210	180	195	2309	395.14
"South"	"10"	128	0.074748791	0.032035196	1.174623853	4.521918323	24.59923568	19.53468716	28.39764707	322.9300839	0	125	680	540	785	89268	276.43
"West"	"15"	129	0	2.507477567	0	0.444171832	0.296114555	6.662577482	0.296114555	22.78601499	0	15	10	225	10	7695	337.71
"West"	"15"	130	0	0.90465331	0.659643039	0.65756759	0.986351384	5.260540717	4.931756922	22.71238455	0	10	15	80	75	3454	152.08
"West"	"15"	131	0	1.316121588	0.540871885	1.714989951	9.718276391	21.15154273	17.14989951	279.4518959	0	15	85	185	150	24442	87.46
"South"	"7"	132	0.17721519	0.110759494	1.376582278	1.309630609	6.548153047	6.641698091	9.448049396	82.47305218	0	70	350	355	505	44082	534.5
"East"	"5"	133	0.204889891	0.016612694	0	0.090173797	1.442780747	0.81156417	0.315608288	2.728659088	0	10	160	90	35	3026	1108.97
"East"	"5"	134	0.3105888	0.029979614	0.041971459	0.052341013	2.407686589	1.622571397	1.203843295	7.090113595	0	5	230	155	115	6773	955.27
"East"	"5"	135	0.278317152	0.024811219	0.059331176	0.083918724	1.216821505	0.713309158	0.671349796	5.206317665	0	10	145	85	80	6204	1191.63
"West"	"15"	136	0.025406752	0.906825622	0.156349245	0.729525208	1.138059324	1.604955457	1.167240333	4.158877305	0.166577109	125	195	275	200	7126	1713.44
"East"	"1"	137	0.146848684	0	1.976809204	0.694081012	11.62585696	3.643925314	18.04610632	278.0523239	0	20	335	105	520	80121	288.15
"East"	"1"	138	0.071849404	0	0.9879293	1.116621988	4.466487951	1.116621988	8.374664909	50.43781519	0	10	40	10	75	4517	89.56
"East"	"1"	139	0.3151336	0	0.626581427	0.155680277	7.550493451	0.544880971	6.772092064	47.93395739	0	10	485	35	435	30790	642.34
"South"	"7"	140	0.160716336	0	0.803581678	1.734232412	6.069813443	4.33558103	12.13962689	115.3784824	0	10	35	25	70	6653	57.66
"East"	"2"	141	0.287466462	0	1.054043695	3.252885756	15.45120734	6.505771513	14.6379859	306.8935067	0	20	95	40	90	18869	61.48
"East"	"2"	142	0.505494505	0	1.483516484	0.373338042	9.706789081	2.240028249	10.08012712	128.3386852	0	5	130	30	135	17188	133.93
"East"	"2"	143	0.366461448	0	1.099384345	1.20818182	8.155227287	2.718409096	9.061363652	185.4438276	0	20	135	45	150	30698	165.54
"East"	"1"	144	0.396702958	0	0.964208578	0.194581922	3.891638441	0.97290961	4.086220363	20.76189108	0	5	100	25	105	5335	256.96
"East"	"2"	145	0.371186637	0	0	2.790259117	16.7415547	7.673212573	13.95129559	247.3564708	0	20	120	55	100	17730	71.68
"East"	"1"	146	0.478267524	0	1.052188552	0.352131442	7.394760284	1.408525768	7.394760284	40.60075527	0	5	105	20	105	5765	141.99
"East"	"5"	147	0.176460511	0.041117012	0.342641768	0.198246889	3.56844401	1.982468894	2.44504497	18.11580076	0	15	270	150	185	13707	756.63
"East"	"5"	148	0.202531646	0.039381153	0.323488045	0.356017318	2.937142876	1.602077932	2.581125557	26.50014909	0	20	165	90	145	14887	561.77
"East"	"4"	149	0.350943396	0	0.358490566	1.424727321	6.981163872	2.422036445	4.416654694	87.18761312	0.084556543	50	245	85	155	30598	350.94
"East"	"4"	150	0.279790227	0.013989511	0.524606676	0.345199873	4.211438449	1.587919415	4.004318526	28.05370327	0	25	305	115	290	20317	724.22
"West"	"16"	151	0.595494095	0.573438758	0.165415026	0.669642857	7.589285714	7.142857143	4.464285714	35.71428571	0	15	170	160	100	8000	224
"North"	"17"	152	0.600162901	0	1.178891413	0	7.236842105	3.289473684	7.236842105	34.60526316	0	0	55	25	55	2630	76
"East"	"4"	153	0.330977655	0.005295642	0.370694974	0.193513848	4.837846188	1.354596933	3.192978484	15.22179924	0	10	250	70	165	7866	516.76
"East"	"4"	154	0.323766523	0	0.323766523	0.406011375	5.548822126	2.030056875	3.518765251	20.66056551	0.084556543	15	205	75	130	7633	369.45
"East"	"4"	155	0.275901376	0.013613555	0.095294883	0.610087811	5.816170463	1.545555787	2.399678722	17.15241544	0	75	715	190	295	21086	1229.33
"West"	"16"	156	0.202205882	0.007352941	0	0	0.677200903	0.376222724	0.300978179	0.64785553	0	0	90	50	40	861	1329
"North"	"17"	157	0.586390638	0.12355388	0.147087953	0	2.532467532	1.753246753	1.363636364	2.068831169	0	0	195	135	105	1593	770
"North"	"17"	158	0.398573526	0.484231872	0.122369065	0.064184852	6.739409499	3.145057766	3.851091142	16.75353017	0	5	525	245	300	13051	779
"North"	"17"	159	0.43115448	0	0.371192599	0	2.574906367	0.374531835	1.404494382	4.810861423	0	0	275	40	150	5138	1068
"North"	"18"	160	0.287737937	0	0	0	1.569822215	0	0.082622222	8.038315962	0	0	190	0	10	9729	1210.33
"North"	"18"	161	0.321503132	0	0	0	1.429848618	0	0	4.068395934	0	0	75	0	0	2134	524.53
"North"	"19"	162	0.015873268	0	0	0	0.340194293	0	0	3.109375839	0	0	10	0	0	914	293.95
"North"	"20"	163	0.004427577	0	0	0	0.054227794	0	0	0.556919444	0	0	10	0	0	1027	1844.07
"North"	"20"	164	0.173770492	0	0	0	0.516698268	0.012602397	0	2.570636897	0	0	205	5	0	10199	3967.5
"West"	"11"	165	0	0.030563281	0.519575782	0.193632515	2.129957661	4.066282807	4.840812865	72.80582549	0	5	55	105	125	18800	258.22
"West"	"12"	166	0	0.696390658	0	0.993922098	2.484805244	18.38755881	1.490883147	286.4582878	0	10	25	185	15	28821	100.61
"West"	"12"	167	0	2.669472802	0	0	0.195948337	5.682501771	0.195948337	11.15729831	0	0	5	145	5	2847	255.17
"West"	"12"	168	0	1.674691229	0	0.447008354	0	8.046150376	0	45.84517681	0	5	0	90	0	5128	111.85
"West"	"11"	169	0.004769013	0.262295707	0.143070386	0.128172831	0.128172831	0.320432077	0.256345661	1.595751742	0.05252612	10	10	25	20	1245	780.2
"West"	"11"	170	0.001557196	0.619763929	0.085645769	0.547165505	0.201587291	1.238321933	0.518367321	2.219188097	0.047124126	95	35	215	90	3853	1736.22
"West"	"12"	171	0	0.627716079	0	0.346873766	0.416248519	1.109996052	0.069374753	1.569256918	0.160178743	25	30	80	5	1131	720.72
"West"	"14"	172	0	1.274221187	0	0.299980173	0.119992069	1.919873104	0.059996035	3.266184119	0.028264556	25	10	160	5	2722	833.39
"West"	"15"	173	0	1.555891495	0	0.18273486	0.09136743	5.207943515	0.09136743	16.63252697	0	10	5	285	5	9102	547.24
"West"	"14"	174	0	1.815969918	0	0.290321459	0.217741094	2.068540395	0.036290182	5.238850728	0.068182357	40	30	285	5	7218	1377.78
"South"	"10"	175	0.143465383	0.050907071	0.601629026	0.23144819	9.95227217	7.63779027	9.48937579	30.40303424	0	5	215	165	205	6568	216.03
"South"	"9"	176	0.147123498	0.060114978	0.300574889	0.232719552	4.499244666	3.801086011	4.266525114	8.863511992	0	15	290	245	275	5713	644.55
"South"	"9"	177	0.155208808	0.025868135	1.965978229	3.333374159	18.51874533	15.55574608	22.5928693	165.0983184	0	90	500	420	610	44576	270
"South"	"8"	178	0.125475915	0.021981182	0.022897065	0.788824643	1.142990809	0.821021567	0.370264628	1.199657396	0.135040777	245	355	255	115	3726	3105.89
"East"	"6"	179	0.160771704	0.121471954	0	0.331800177	0.331800177	0.464520248	0.265440142	3.241024132	0.199813259	25	25	35	20	2442	753.47
"West"	"15"	180	0	1.054270996	0	0.755851587	1.13377738	4.913035314	3.023406347	17.35435243	0	10	15	65	40	2296	132.3
"South"	"9"	181	0.058402004	0.023360802	1.197241089	0.77715572	6.994401483	6.47629767	9.325868644	35.93568051	0	15	135	125	180	6936	193.01
"South"	"8"	182	0.150771209	0.190597566	0.298697678	0.465467392	5.236508162	5.236508162	3.60737229	15.32551389	0	20	225	225	155	6585	429.68
"South"	"10"	183	0.008333333	0.033333333	1	0.992203344	7.93762675	8.599095646	14.55231571	74.8848937	0	15	120	130	220	11321	151.18
"South"	"8"	184	0.245996959	0.039464753	0.085506964	0.707356016	3.917664087	3.047072068	2.013244045	13.88267799	0.111111111	65	360	280	185	12757	918.91
"South"	"8"	185	0.17264255	0.067138769	0.287737583	0.622325419	4.667440646	3.578371162	3.267208452	13.3893314	0	20	150	115	105	4303	321.38
"East"	"5"	186	0.239612013	0.172797125	0.126717891	0.413455569	1.014845487	0.902084878	0.751737398	2.736324128	0.099571551	55	135	120	100	3640	1330.25
"West"	"16"	187	0.074582924	0.217860648	0.176643768	0.747581354	1.187335092	1.187335092	0.747581354	3.066402814	0.129946727	170	270	270	170	6973	2274
"West"	"16"	188	0.070004168	1.632369927	0.143190345	0	1.673228346	2.263779528	1.377952756	1.933070866	0	0	85	115	70	982	508
"South"	"7"	189	0.088896791	0	2.666903725	5.751075584	9.858986715	9.858986715	20.53955566	357.3554051	0	35	60	60	125	21748	60.86
"East"	"2"	190	0.179204779	0	0.784020907	1.073994287	9.665948585	3.758980005	8.591954297	124.6531469	0	20	180	70	160	23213	186.22
"East"	"2"	191	0.245283019	0.018867925	0.943396226	1.803062016	6.611227394	3.606124033	7.212248066	78.6856264	0	15	55	30	60	6546	83.19
"East"	"1"	192	0.392634183	0	1.308780609	0.494046366	7.410695489	0.988092732	7.410695489	37.37954805	0	5	75	10	75	3783	101.21
"East"	"5"	193	0.410240092	0.021837876	0.077992413	0.13728777	2.196604324	1.304233817	1.304233817	7.848741825	0	10	160	95	95	5717	728.4
"East"	"2"	194	0.200946458	0.003349108	0.418638454	0.586537102	4.692296814	1.759611305	4.105759712	37.11900049	0	20	160	60	140	12657	340.98
"East"	"4"	195	0.163626756	0.019670976	0.084942851	0.611821639	2.101474326	1.064037633	0.691624462	2.970793072	0.133807624	115	395	200	130	5584	1879.63
"West"	"16"	196	0.387487244	0.060544882	0.093569363	0.08097166	2.429149798	1.700404858	1.255060729	3.318218623	0	10	300	210	155	4098	1235
"West"	"16"	197	0.530951765	0	0.306318326	0.595238095	11.30952381	6.547619048	7.44047619	82.26190476	0	10	190	110	125	13820	168
"West"	"16"	198	0.478832561	0.022801551	0	0	1.866666667	0.933333333	0.666666667	2.557333333	0	0	70	35	25	959	375
"East"	"1"	199	0.325160955	0	0.582580044	0	5.206972568	0.242184771	3.632771559	8.711386199	0	0	215	10	150	3597	412.91
"East"	"4"	200	0.237329727	0.005970559	0.149263979	0.119450322	2.508456769	0.537526451	1.313953546	5.706141899	0	10	210	45	110	4777	837.17
"East"	"4"	201	0.152475195	0	0.047113122	0.022762385	0.956020184	0.022762385	0.227623853	0.579985578	0.052023121	5	210	5	50	1274	2196.61
"North"	"17"	202	0.270101808	0.003777648	0	0	0.811573747	0.105857445	0.211714891	0.615384615	0	0	115	15	30	872	1417
"North"	"18"	203	0.13154639	0	0	0	1.144215827	0	0.171632374	7.363028844	0	0	100	0	15	6435	873.96
"North"	"18"	204	0.221367663	0	0	0	0.880209761	0	0.022569481	2.122433998	0	0	195	0	5	4702	2215.38
"North"	"18"	205	0.189417972	0	0	0	0.581813176	0	0.048484431	1.755136414	0	0	60	0	5	1810	1031.26
"North"	"18"	206	0.265214303	0	0	0	0.915196928	0	0	7.486310871	0	0	60	0	0	4908	655.6
"North"	"18"	207	0.200034292	0	0	0	0.942868711	0	0	3.934905421	0	0	30	0	0	1252	318.18
"North"	"18"	208	0.235143437	0	0	0	1.981794437	0	0	5.556951601	0	0	50	0	0	1402	252.3
"North"	"19"	209	0.197520274	0	0	0	0.76373105	0	0	2.940364542	0	0	40	0	0	1540	523.74
"North"	"19"	210	0.202675623	0	0	0.079241287	2.456479905	0.158482575	0.099051609	29.53362397	0	20	620	40	25	74541	2523.94
"North"	"19"	211	0.244917116	0	0	0.015049441	1.339400278	0.060197765	0.030098883	2.041005232	0	5	445	20	10	6781	3322.38
"North"	"19"	212	0.250696379	0	0	0	0.403600804	0	0	2.151192287	0	0	40	0	0	2132	991.08
"North"	"20"	213	0	0	0	0	0	0	0	1.408905401	0	0	0	0	0	968	687.06
"North"	"20"	214	0.073863636	0	0	0	0.701403776	0.051955835	0.025977918	5.311445036	0	0	270	20	10	20446	3849.42
"North"	"20"	215	0	0	0	0	0	0	0	1.865398879	0	0	0	0	0	1037	555.91
"North"	"20"	216	0.05	0	0	0	0	0	0	0.884459512	0	0	0	0	0	991	1120.46
"West"	"11"	217	0.047913086	0.065880493	0.509076535	0	1.865706098	2.035315743	2.204925388	11.24851167	0	0	55	60	65	3316	294.79
"West"	"11"	218	0	0.251207729	1.207729469	0.653086087	1.523867537	8.490119136	7.837033049	183.8611492	0	15	35	195	180	42229	229.68
"West"	"11"	219	0	0	2.899391128	4.047734144	8.095468288	26.31027194	22.26253779	440.1101335	0	10	20	65	55	10873	24.71
"West"	"12"	220	0	0.74945793	0	0.406345399	0.406345399	5.688835585	1.219036197	47.9731378	0	10	10	140	30	11806	246.1
"West"	"12"	221	0	2.092198582	0	0	0.350976691	3.860743603	0	22.38529336	0	0	5	55	0	3189	142.46
"West"	"12"	222	0	1.651137053	0	1.072908564	1.072908564	18.59708177	0.715272376	144.1416892	0	15	15	260	10	20152	139.81
"West"	"12"	223	0	1.643281507	0	0.324371375	0.081092844	3.730270811	0.081092844	13.66090045	0	20	5	230	5	8423	616.58
"West"	"14"	224	0	0.991304348	0	0.532808691	0.426246953	8.098692105	0.213123476	12.92380761	0	25	20	380	10	6064	469.21
"West"	"14"	225	0	1.298316213	0	0.242657157	0.339720019	3.203074468	0.048531431	5.613145347	0.018828085	25	35	330	5	5783	1030.26
"West"	"15"	226	0	1.254738288	0	1.027766148	1.027766148	8.222129185	0.513883074	86.91818314	0	10	10	80	5	8457	97.3
"West"	"15"	227	0	2.524176365	0	0	0	4.242637722	0.606091103	62.8516474	0	0	0	35	5	5185	82.5
"South"	"9"	228	0.119575795	0.053602942	1.010209299	2.141531198	10.87238916	9.883990146	13.01392036	74.76250146	0	65	330	300	395	22692	303.52
"South"	"8"	229	0.173427695	0.076371829	0.039776994	0.406306633	1.777591521	1.472861546	0.761824938	2.263127948	0.019826518	40	175	145	75	2228	984.48
"South"	"8"	230	0.073578512	0.038871667	0.034706845	0.838888738	2.726388399	2.30694403	1.048610923	4.165082586	0.2319202	60	195	165	75	2979	715.23
"West"	"14"	231	0.014095625	0.714178319	0	0.102415043	0.409660173	1.382603085	0.051207522	5.492518772	0	10	40	135	5	5363	976.42
"West"	"15"	232	0	1.738736015	0.188993045	0.202385142	0.202385142	1.619081133	1.011925708	4.067941346	0	5	5	40	25	1005	247.05
"South"	"9"	233	0.064817215	0.090744102	0.661135598	0.688216547	8.258598561	7.570382015	9.635031655	27.7626555	0	15	180	165	210	6051	217.95
"South"	"9"	234	0.155147465	0.017901631	0.402786687	0.421753316	6.326299741	4.920455354	5.623377548	5.91579318	0	15	225	175	200	2104	355.66
"South"	"9"	235	0.071781068	0.047106326	0.325257963	0.155211688	3.725080512	3.259445448	3.725080512	7.794730971	0	5	120	105	120	2511	322.14
"South"	"8"	236	0.22793533	0.127219719	0.212032865	0.467701452	3.741611613	3.507760887	3.741611613	11.02372321	0	10	80	75	80	2357	213.81
"South"	"8"	237	0.255796234	0.065309677	0.353760749	1.710323821	7.031331266	4.750899504	3.420647643	23.80010616	0	45	185	125	90	6262	263.11
"East"	"6"	238	0.218536002	0.015214532	0.1867238	1.262193531	6.058528951	3.723470918	4.039019301	34.35185915	0	100	480	295	320	27216	792.27
"East"	"5"	239	0.228351797	0.045218178	0.113045444	0.051915695	1.401723753	1.038313891	0.726819724	3.372443519	0	5	135	100	70	3248	963.1
"West"	"15"	240	0.089463221	1.471172962	0.149105368	0.166203126	2.493046895	2.825453148	1.994437516	5.31517598	0	5	75	85	60	1599	300.84
"West"	"16"	241	0	0.662829234	0	0.20746888	0.622406639	2.489626556	1.452282158	20.48547718	0	5	15	60	35	4937	241
"East"	"1"	242	0.308861591	0	1.739789974	0.246501416	9.736805927	1.602259203	11.09256371	135.8888355	0	10	395	65	450	55127	405.68
"East"	"6"	243	0.008069136	0.008069136	1.613827272	0.612387446	3.980518399	2.143356061	7.961036797	57.94410014	0	10	65	35	130	9462	163.3
"East"	"2"	244	0.360537529	0	0.655522779	0.214976144	6.019332023	2.149761437	5.80435588	46.98088644	0	5	140	50	135	10927	232.58
"East"	"2"	245	0.146516192	0	0.192784463	0.175468319	1.22827823	0.701873274	1.579214867	10.21225614	0	5	35	20	45	2910	284.95
"East"	"5"	246	0.286580997	0.06097468	0.152436701	1.04726008	5.026848384	3.770136288	2.513424192	58.18786456	0.084556543	50	240	180	120	27781	477.44
"East"	"4"	247	0.121197758	0.006561662	0.015439205	0.186587862	2.052466484	0.709033876	0.746351449	3.372015845	0.084556543	25	275	95	100	4518	1339.85
"East"	"2"	248	0.332592403	0	0.588750527	0.156897267	5.962096159	1.49052404	4.550020753	33.32654856	0	10	380	95	290	21241	637.36
"East"	"4"	249	0.304962366	0	0.261609872	0.078077989	5.075069255	0.468467931	3.435431495	9.567676715	0	5	325	30	220	6127	640.39
"North"	"17"	250	0.799263352	0.036832413	0.368324125	0.095846645	5.079872204	1.884984026	3.418530351	14.03961661	0	15	795	295	535	21972	1565
"North"	"18"	251	0.395642656	0.013188089	0.296731992	0	5.406521096	2.831987241	3.604347397	10.5401416	0	0	105	55	70	2047	194.21
"North"	"18"	252	0.350355483	0	0.427262784	0	6.67658713	0.267063485	4.273015763	39.67495136	0	0	125	5	80	7428	187.22
"North"	"18"	253	0.288749798	0	1.401285786	0	1.545280307	0	1.545280307	7.262817442	0	0	30	0	30	1410	194.14
"North"	"17"	254	0.315341433	0	0	0.016880486	0.793382849	0.033760972	0.185685348	0.468939905	0	5	235	10	55	1389	2962
"North"	"18"	255	0.482378379	0	0	0	2.149177789	0.107458889	0.967130005	4.895827004	0	0	100	5	45	2278	465.29
"North"	"18"	256	0.42249598	0.001170349	0	0	2.566412653	0.233310241	0.596237283	6.981160884	0	0	495	45	115	13465	1928.76
"North"	"18"	257	0	0	0	0	0	0	0	7.57480493	0	0	0	0	0	1349	178.09
"North"	"18"	258	0	0	0	0	0	0	0	9.045566198	0	0	0	0	0	1073	118.62
"North"	"19"	259	0.40334034	0	0	0	1.856281132	0	0	4.848169546	0	0	85	0	0	2220	457.9
"North"	"20"	260	0	0	0	0	0.530289786	0.058921087	0.058921087	12.40524573	0	0	45	5	5	10527	848.59
"North"	"20"	261	0	0	0	0	0.162191212	0	0	3.5584752	0	0	15	0	0	3291	924.83
"North"	"20"	262	0.06	0	0	0	0.45260223	0	0	0.662191879	0	0	65	0	0	951	1436.14
"North"	"20"	263	0	0	0	0	0.083268239	0	0	3.503927514	0	0	5	0	0	2104	600.47
"West"	"11"	264	0	0	0	0	0	8.333333333	0	89	0	0	0	5	0	534	6
"West"	"11"	265	0	0.48032837	0	2.06284682	4.125693641	23.37893063	17.19039017	511.1184328	0	15	30	170	125	37166	72.72
"West"	"11"	266	0	0.397553517	0	0	1.059887444	3.179662332	3.179662332	18.12407529	0	0	5	15	15	855	47.17
"West"	"11"	267	0	0.842638663	0.329603559	0.47021643	0.705324646	4.467056089	3.173960906	25.95829804	0	20	30	190	135	11041	425.34
"West"	"12"	268	0	1.260218364	0	0.426704311	0.853408623	5.973860358	0.426704311	44.00174858	0	5	10	70	5	5156	117.18
"West"	"14"	269	0	0.715029285	0	0	0	0.875439527	0	3.475494922	0	0	0	20	0	794	228.46
"West"	"12"	270	0	1.270895433	0	0	0.179698453	2.425929119	0	3.072843551	0	0	10	135	0	1710	556.49
"West"	"14"	271	0	0.56710775	0	0.221136086	0.221136086	3.759313468	0	12.34381634	0	5	5	85	0	2791	226.11
"South"	"10"	272	0.057496683	0.194604157	1.172047766	0.381018737	4.762734215	5.143752952	7.239356006	37.22172044	0	10	125	135	190	9769	262.45
"South"	"10"	273	0.152671756	0.166303162	0.790621592	0.639640186	6.652257935	6.140545786	7.419826158	21.97291967	0	25	260	240	290	8588	390.84
"West"	"11"	274	0.007987858	0.223660037	0.173070267	0.15370871	0.614834842	0.845397907	0.691689197	4.343808156	0	10	40	55	45	2826	650.58
"South"	"10"	275	0.085038146	0.045122281	0.130160427	0.257306435	0.546776175	0.450286262	0.385959653	1.181036538	0.05252612	40	85	70	60	1836	1554.57
"South"	"10"	276	0.103679532	0.012732574	0.072757566	0.112674884	0.957736516	0.676049305	0.619711863	1.055763665	0.05252612	10	85	60	55	937	887.51
"West"	"12"	277	0	1.915347609	0	0.177307924	0.48759679	3.457504509	0.531923771	11.73867108	0	20	55	390	60	13241	1127.98
"West"	"12"	278	0	2.097348193	0	0.264300511	0.132150255	4.493108684	0.132150255	10.2945049	0	10	5	170	5	3895	378.36
"West"	"12"	279	0.006535948	0.640522876	0	0.235193218	1.646352526	3.998284707	0	4.388705449	1.3171e-05	5	35	85	0	933	212.59
"West"	"15"	280	0	2.078163849	0	0.186384984	0.124256656	4.473239619	0.124256656	13.35013513	0	15	10	360	10	10744	804.79
"South"	"9"	281	0.179446083	0.0203916	0.163132802	0.191105317	3.822106343	2.293263806	2.866579757	5.129266712	0	5	100	60	75	1342	261.64
"East"	"6"	282	0.213607246	0.097516351	0.058045447	0.322864928	0.591919035	0.430486571	0.242148696	2.440320749	0.186749411	60	110	80	45	4535	1858.36
"West"	"14"	283	0	1.051068092	0	0.46918515	0.46918515	4.557798603	0.1340529	10.6451408	0	35	35	340	10	7941	745.97
"West"	"15"	284	0.036239106	1.041874287	0.22649441	0.52579676	0.764795288	1.433991164	0.955994109	2.832610546	0.166577109	55	80	150	100	2963	1046.03
"South"	"8"	285	0.158791868	0.052565584	0.109511633	0.235231278	3.904839213	3.575515424	2.540497801	3.902957363	0	25	415	380	270	4148	1062.78
"South"	"8"	286	0.119151276	0.082489345	1.603959489	3.341448462	18.52985056	17.92231448	22.17506707	219.9159117	0	55	305	295	365	36198	164.6
"South"	"7"	287	0.234142188	0.268199234	0.425713069	0.540256811	4.682225698	4.32205449	3.061455264	8.914237386	0	15	130	120	85	2475	277.65
"East"	"6"	288	0.159096429	0.057080398	0	0.185268445	1.111610671	0.864586078	0.494049187	4.146307803	0.457831325	15	90	70	40	3357	809.64
"East"	"6"	289	0.300188226	0.048679172	0.12169793	0.133466283	2.802791945	1.468129114	0.934263982	6.024668019	0.457831325	5	105	55	35	2257	374.63
"West"	"15"	290	0.022768596	1.915814742	0.309002378	0.742047476	3.71023738	5.194332332	4.007056371	9.228102412	0	25	125	175	135	3109	336.91
"South"	"7"	291	0	0	0	1.410654844	7.170828788	7.64104707	13.40122101	145.8123379	0	60	305	325	570	62019	425.33
"South"	"7"	292	0.047669744	0.031779829	2.304037627	4.222141411	12.19729741	12.66642423	22.51808752	421.4823032	0	45	130	135	240	44922	106.58
"East"	"1"	293	0.475008512	0	1.153199855	0.345055213	8.281325111	0.80512883	6.556049047	18.80090837	0	15	360	35	285	8173	434.71
"East"	"6"	294	0.090530509	0	1.616616228	1.772055579	9.303291792	4.430138948	11.07534737	194.3147546	0	20	105	50	125	21931	112.86
"East"	"1"	295	0.29500885	0	1.575047251	0.211944232	11.02110008	2.119442323	10.38526738	48.34871828	0	5	260	50	245	11406	235.91
"East"	"2"	296	0.289081444	0	0.380042415	0.10398678	6.49917376	0.519933901	4.471431547	16.80634341	0	10	625	50	430	16162	961.66
"East"	"5"	297	0.190780654	0.005156234	0.567185728	0.442991396	5.315896748	3.986922561	4.208418259	29.66270385	0	10	120	90	95	6696	225.74
"West"	"16"	298	0.479246426	0.222179378	0.257067049	0.144092219	6.051873199	5.403458213	3.890489914	23.36167147	0	10	420	375	270	16213	694
"West"	"16"	299	0.374389894	0.140109101	0.413436693	0.052356021	2.879581152	2.146596859	1.780104712	3.416753927	0	5	275	205	170	3263	955
"East"	"4"	300	0.254954673	0.011833339	0.225909204	0.096482668	4.920616091	1.013068019	3.280410727	17.22891011	0	10	510	105	340	17857	1036.46
"East"	"4"	301	0.31657675	0.001199154	0.203856241	0.096062999	2.737795481	0.624409496	1.585039489	7.04045722	0	10	285	65	165	7329	1040.98
"West"	"16"	302	0.164331036	0	0.041082759	0.051124744	1.533742331	0.153374233	0.536809816	2.874744376	0.205731394	10	300	30	105	5623	1956
"North"	"17"	303	0.273696657	0.018246444	0.09579383	0.021340162	1.216389245	0.554844217	0.618864703	0.921468203	0	5	285	130	145	2159	2343
"North"	"17"	304	0.501642281	0.059719319	0	0	2.119205298	0.927152318	0.662251656	1.674172185	0	0	160	70	50	1264	755
"North"	"18"	305	0.629928719	0	0.130248419	0	1.225653859	0.158148885	0.513983876	1.164766538	0	0	155	20	65	1473	1264.63
"North"	"18"	306	0.153846154	0	9.615384615	0	3.870884141	0.774176828	5.419237797	27.68456338	0	0	25	5	35	1788	64.58
"North"	"18"	307	0	0	0	0	0	0	0	40.33917509	0	0	0	0	0	744	18.44
"North"	"18"	308	0.313432836	0	0	0	1.63815386	0	0	10.03096213	0	0	30	0	0	1837	183.13
"North"	"18"	309	0.366662124	0	0	0	4.272858023	0.21543822	0.394970069	36.64029614	0	0	595	30	55	51022	1392.51
"North"	"18"	310	0.212955966	0	0	0	0.580664952	0	0	1.338945066	0	0	85	0	0	1960	1463.84
"North"	"18"	311	0.355939744	0	0	0	0.698345051	0	0	2.743958863	0	0	65	0	0	2554	930.77
"North"	"19"	312	0.161131604	0	0	0	1.117755775	0	0	3.580012069	0	0	35	0	0	1121	313.13
"North"	"19"	313	0.120730097	0	0	0	0.506435337	0	0	2.092959127	0	0	55	0	0	2273	1086.02
"North"	"19"	314	0.105065666	0	0	0	0.388904318	0	0	1.2250486	0	0	60	0	0	1890	1542.8
"North"	"20"	315	0.034090909	0	0	0	0.034886753	0	0	1.581765383	0	0	5	0	0	2267	1433.21
"West"	"11"	316	0	0	0.929605615	0.881038133	3.52415253	8.369862259	8.369862259	167.7672812	0	10	40	95	95	19042	113.5
"West"	"12"	317	0	2.711076685	0	0	0	0	0	63.40890784	0	0	0	0	0	587	9.26
"West"	"14"	318	0	1.887323554	0	0.193007736	0.193007736	4.053162456	0	5.550902488	0	5	5	105	0	1438	259.06
"West"	"14"	319	0	1.619287029	0	0	0	2.99973737	0.119989495	6.868198683	0	0	0	125	5	2862	416.7
"West"	"14"	320	0	1.404705764	0	0.566555579	0	8.498333684	0.283277789	34.16896697	0	10	0	150	5	6031	176.51
"South"	"10"	321	0.132853528	0.042155446	0.242713176	0.311574747	2.856101844	2.440668849	2.3368106	6.219031943	0.05252612	30	275	235	225	5988	962.85
"South"	"9"	322	0.117555463	0.06166844	0.057814162	0.474405718	0.593007147	0.316270479	0.237202859	0.985182541	0.040072077	60	75	40	30	1246	1264.74
"West"	"12"	323	0	0.835805775	0	0.069868137	0.209604412	1.746703434	0.069868137	5.761326607	0.028264556	5	15	125	5	4123	715.63
"West"	"14"	324	0	2.177124379	0	0.085918295	0.085918295	2.233875669	0	5.096673257	0.021205357	5	5	130	0	2966	581.95
"West"	"14"	325	0	0.909530721	0	0.55546111	0.277730555	5.554611103	0.277730555	12.95335309	0	10	5	100	5	2332	180.03
"West"	"15"	326	0	1.577236977	0	0.259615199	0.259615199	4.024035592	0.1298076	8.315474839	0	10	10	155	5	3203	385.19
"South"	"8"	327	0.086420081	0.002659079	0.059829287	0.331427312	1.215233477	0.441903083	0.552378853	1.630622375	0.111527874	30	110	40	50	1476	905.18
"South"	"8"	328	0.180317914	0.084764832	0.046235363	0.282303664	3.317068046	2.681884803	1.340942402	3.446927731	0.111607143	20	235	190	95	2442	708.46
"West"	"14"	329	0.006631608	0.940030373	0	0.110842339	0.092368616	0.942159879	0.036947446	1.903162955	0.05989553	30	25	255	10	5151	2706.55
"West"	"15"	330	0.002865863	0.89414934	0.100305214	0.264959706	0.211967765	1.324798529	0.47692747	1.762511963	0.099571551	25	20	125	45	1663	943.54
"West"	"15"	331	0.07040383	0.806443871	0.432023502	1.652869915	7.162436299	11.15687193	9.090784533	73.88879477	0	60	260	405	330	26822	363
"West"	"15"	332	0.023504985	1.028343094	0.1566999	0.599054053	1.031704202	2.329654649	1.464354351	4.994113953	0.120425258	90	155	350	220	7503	1502.37
"East"	"5"	333	0.273145289	0.061766523	0	0.219052754	1.57717983	1.182884873	0.876211017	5.014555649	0.084556543	25	180	135	100	5723	1141.28
"West"	"15"	334	0.020374857	1.489402018	0.264873136	0.232943881	2.096494926	2.950622488	2.251790846	5.575123543	0	15	135	190	145	3590	643.93
"South"	"7"	335	0	0	0	1.269109365	5.07643746	3.807328095	7.61465619	125.083419	0	5	20	15	30	4928	39.4
"East"	"1"	336	0.266951415	0	1.264506702	0.421285203	6.740563244	1.263855608	8.846989258	62.3333586	0	5	80	15	105	7398	118.68
"South"	"7"	337	0.100977316	0.014425331	0.829456526	0.280461372	4.767843318	3.085075088	8.133379777	53.2652237	0	5	85	55	145	9496	178.28
"East"	"2"	338	0.13698289	0	0.996239197	10.39953266	27.03878493	17.41921721	18.7191588	644.8126233	0	200	520	335	360	124008	192.32
"East"	"2"	339	0.380403458	0	0.864553314	0.28351262	7.654840736	2.835126198	6.520790256	65.51976645	0	5	135	50	115	11555	176.36
"East"	"2"	340	0.417391304	0.034782609	1.086956522	1.210206021	10.89185419	3.872659266	8.955524553	85.51315742	0	25	225	80	185	17665	206.58
"East"	"1"	341	0.388095927	0	1.324454356	0	8.068608763	2.445032959	7.09059558	26.24498378	0	0	165	50	145	5367	204.5
"East"	"5"	342	0.330202596	0.005861585	0.429849533	0.520708136	5.132694483	2.677927556	4.091278211	45.10671421	0	35	345	180	275	30319	672.16
"East"	"4"	343	0.257065304	0.031933578	0.095800734	0.489919157	1.247066945	0.890762104	0.356304842	1.443034608	0.15098959	55	140	100	40	1620	1122.63
"West"	"16"	344	0.324471613	0.068121112	0.457128516	0.080515298	4.186795491	3.05958132	3.301127214	10.67310789	0	5	260	190	205	6628	621
"West"	"16"	345	0.65203732	0.05927612	0.23710448	0	5.64516129	4.569892473	4.569892473	32.52688172	0	0	105	85	85	6050	186
"West"	"16"	346	0.667192722	0.025661259	0.769837757	4.532163743	39.61988304	29.8245614	28.50877193	556.9122807	0	155	1355	1020	975	190464	342
"North"	"17"	347	0.333182046	0.055093094	0.209878454	0	2.648578811	1.033591731	1.776485788	9.592377261	0	0	410	160	275	14849	1548
"North"	"18"	348	0.232528097	0	0	0	0.492054728	0	0.070293533	1.781238117	0	0	35	0	5	1267	711.3
"North"	"18"	349	0.151431718	0	0	0	0.881322323	0.031475797	0.094427392	2.847930137	0	0	140	5	15	4524	1588.52
"North"	"18"	350	0.282135794	0	0	0	0.654692124	0	0.040918258	0.853554856	0	0	80	0	5	1043	1221.95
"North"	"18"	351	0.204338741	0	0	0	0.702931476	0	0.030562238	1.196817243	0	0	115	0	5	1958	1636.01
"North"	"18"	352	0.205193446	0	0	0	0.626631552	0	0	14.34986253	0	0	20	0	0	4580	319.17
"North"	"19"	353	0.364254492	0	0	0	1.657914259	0	0	5.777831192	0	0	40	0	0	1394	241.27
"North"	"19"	354	0.312048845	0	0	0	1.615949249	0	0	6.156766638	0	0	80	0	0	3048	495.07
"North"	"19"	355	0.077160494	0	0	0	0.411187223	0	0	3.787034324	0	0	10	0	0	921	243.2
"North"	"19"	356	0.161791304	0	0	0	1.202963796	0.033415661	0	3.799360657	0	0	180	5	0	5685	1496.3
"North"	"20"	357	0.163817664	0	0	0	0.266792815	0	0	0.814949438	0	0	130	0	0	3971	4872.69
"North"	"20"	358	0.158	0	0	0	0.395089599	0	0	0.718816138	0	0	160	0	0	2911	4049.71
"West"	"11"	359	0	0.504213787	1.224519196	0.479063785	0.479063785	3.353446492	2.874382708	30.99542686	0	5	5	35	30	3235	104.37
"West"	"11"	360	0	0	0	0	0	0	0	31.93196719	0	0	0	0	0	201	6.29
"West"	"12"	361	0	0.651202706	0.504808299	0.203453409	0.610360228	3.051801142	2.848347733	23.01464968	0	5	15	75	70	5656	245.76
"West"	"11"	362	0	1.329812945	0.300765448	0.241762417	0.322349889	3.304086365	1.853511864	14.22852411	0.003072197	15	20	205	115	8828	620.44
"West"	"12"	363	0	0.869732046	0	0.501457966	1.002915932	10.02915932	0.501457966	70.78580645	0	5	10	100	5	7058	99.71
"West"	"12"	364	0	1.856627127	0	0.870128863	0.870128863	6.090902042	0.870128863	50.18903283	0	5	5	35	5	2884	57.46
"West"	"14"	365	0	0.741089067	0	0.060034882	0.060034882	3.061778994	0.060034882	4.61908384	0	5	5	255	5	3847	832.85
"West"	"11"	366	0.100149366	0.06295103	0.214605783	0.244792292	2.447922925	2.203130632	2.203130632	7.977780812	0	10	100	90	90	3259	408.51
"South"	"10"	367	0.128509927	0.092812725	1.017370259	0.315878459	5.369933796	4.58023765	6.317569172	15.6359837	0	10	170	145	200	4950	316.58
"South"	"9"	368	0.150408962	0.028577703	0.075204481	0.076196351	0.609570804	0.419079928	0.380981753	0.914356206	0.040585728	10	80	55	50	1200	1312.4
"West"	"12"	369	0	1.495108799	0.186370903	0.203987599	0.203987599	1.699896658	0.883946262	5.623258146	0.003072197	15	15	125	65	4135	735.34
"West"	"11"	370	0.010911075	0.31096563	0	0.549085761	0.457571468	1.738771577	1.098171522	8.712160741	0.003072197	30	25	95	60	4760	546.36
"South"	"9"	371	0.12573608	0.047899459	0	0.579306806	0.408922452	0.238538097	0.170384355	0.648823623	0.046335985	85	60	35	25	952	1467.27
"West"	"12"	372	0	1.026557421	0	0	0.371550801	3.529732606	0	9.24418392	0	0	10	95	0	2488	269.14
"West"	"14"	373	0	2.019248297	0	0.135175295	0.27035059	4.190434148	0.135175295	7.699584809	0.015974441	5	10	155	5	2848	369.89
"West"	"15"	374	0	1.129097581	0	0	0	3.757981399	0	27.27220786	0	0	0	35	0	2540	93.14
"South"	"8"	375	0.141544807	0.019685039	0.028121485	0.273310485	1.093241939	0.741842744	0.351399195	1.029990084	0.044857224	35	140	95	45	1319	1280.59
"South"	"8"	376	0.175495835	0.050646449	0.047112976	0.978027138	1.344787315	1.026928495	0.464562891	2.882245976	0.159244231	200	275	210	95	5894	2044.93
"West"	"12"	377	0.100145211	0.450653447	0	0.435732706	0.268143204	0.502768507	0	0.617399727	0.161137441	65	40	75	0	921	1491.74
"East"	"6"	378	0.226406638	0.027723262	0.028878398	0.579459308	0.999067773	0.699347441	0.279738976	1.011056586	0.189778254	145	250	175	70	2530	2502.33
"West"	"14"	379	0.016588883	1.100395921	0	0.968397796	0.372460691	1.452596694	0.037246069	1.608285262	0.139049315	130	50	195	5	2159	1342.42
"East"	"5"	380	0.172717659	0.296087416	0.105745506	0.177793059	0.533379176	0.584177193	0.330187109	1.198833196	0.099571356	35	105	115	65	2360	1968.58
"West"	"14"	381	0	1.949666766	0	0.260954151	0.521908301	3.914312261	0	6.252461451	0	5	10	75	0	1198	191.6
"West"	"15"	382	0	1.57770715	0	0.173193207	0.057731069	2.597898098	0.173193207	5.337814626	0.099571551	15	5	225	15	4623	866.08
"West"	"15"	383	0	1.46959222	1.597382848	0.568387506	1.136775012	4.262906296	4.547100049	33.28477236	0	10	20	75	80	5856	175.94
"South"	"8"	384	0.18216088	0.064734858	0.511857017	1.347408622	7.956127101	7.250341632	8.726074885	69.70080639	0	105	620	565	680	54316	779.27
"East"	"6"	385	0.341084649	0.020063803	0.100319014	0.711842254	2.847369017	1.690625354	1.334704227	4.797816794	0.111111111	40	160	95	75	2696	561.92
"East"	"6"	386	0.242392903	0.040398817	0.121196451	0.356231714	2.55299395	1.662414665	1.128067094	4.158411541	0.457831325	30	215	140	95	3502	842.15
"East"	"6"	387	0.239193084	0.063400576	0.590778098	1.204138372	4.707086361	3.393480865	5.36388911	40.63857537	0	55	215	155	245	18562	456.76
"East"	"5"	388	0.275409207	0.041775554	0.038681068	0.110309171	1.65463757	1.213400884	0.661855028	7.159065217	0	10	150	110	60	6490	906.54
"East"	"5"	389	0.17388119	0.03941307	0	0.202053431	0.942916012	0.942916012	0.74086258	4.260633349	0.084556543	15	70	70	55	3163	742.38
"West"	"15"	390	0.250673854	0.433962264	0.161725067	0.079069077	2.293003226	2.293003226	1.976726919	3.20387899	0	5	145	145	125	2026	632.36
"West"	"16"	391	0.076623172	1.171883803	0.146485475	0.074626866	3.208955224	3.731343284	2.537313433	6.356716418	0	5	215	250	170	4259	670
"South"	"7"	392	0.406795884	0.039881949	2.033979421	0.667734214	0	0	0	42.22751171	0	15	0	0	0	9486	224.64
"South"	"7"	393	0.076964519	0	3.270992073	2.135534218	10.67767109	9.965826352	25.62641062	387.272012	0	15	75	70	180	27202	70.24
"East"	"1"	394	0.160221105	0	2.403316577	3.371564903	14.83488557	4.045877883	21.57801538	212.3681301	0	25	110	30	160	15747	74.15
"South"	"7"	395	0.339138116	0.086756262	0.828127958	0.306494055	4.597410831	3.677928665	4.597410831	19.4685024	0	5	75	60	75	3176	163.14
"South"	"7"	396	0.18615356	0.016923051	1.438459325	2.323539943	9.875044757	5.808849857	14.52212464	126.1798366	0	20	85	50	125	10861	86.08
"East"	"6"	397	0.183259119	0.022505506	0.530486923	1.327437425	5.641609058	3.152663886	6.471257449	85.42059833	0	40	170	95	195	25740	301.33
"East"	"2"	398	0.274559332	0	3.56927132	9.431598035	23.33079514	18.86319607	20.35239576	603.4336423	0	95	235	190	205	60781	100.73
"East"	"2"	399	0.068068886	0	2.042066571	4.050783874	25.65496454	13.50261291	22.95444195	728.8170346	0	15	95	50	85	26988	37.03
"East"	"2"	400	0.334268046	0	1.392783524	1.45456943	11.15169897	4.848564768	12.6062684	187.0382345	0	15	115	50	130	19288	103.12
"East"	"1"	401	0.538875439	0	1.045579211	0.356148933	5.342233989	1.780744663	5.342233989	39.58239237	0	5	75	25	75	5557	140.39
"East"	"1"	402	0.203703704	0	1.388888889	0.723148184	13.73981549	2.892592736	15.90926005	227.357789	0	5	95	20	110	15720	69.14
"East"	"5"	403	0.381311963	0.018753047	0.687611737	0.400964677	6.415434839	2.606270403	6.014470161	52.84313484	0	10	160	65	150	13179	249.4
"West"	"16"	404	0.324893913	0.360993237	0.063173816	0	3.017944535	3.017944535	1.957585644	6.460032626	0	0	185	185	120	3960	613
"West"	"16"	405	0.177065767	0.207419899	0.075885329	0.26371308	2.056962025	1.898734177	0.843881857	2.696202532	0.149940793	25	195	180	80	2556	948
"West"	"16"	406	0.389321468	0.10635599	0.068302012	0.752283718	2.391187534	1.961311123	0.994089199	3.395486298	0.205731394	140	445	365	185	6319	1861
"North"	"17"	407	0.72979798	0.075757576	1.212121212	0.077399381	6.888544892	2.86377709	5.417956656	30.79256966	0	5	445	185	350	19892	646
"North"	"17"	408	0.263824398	0	6.331785564	0	2.272727273	0.909090909	2.272727273	5.309090909	0	0	25	10	25	584	110
"East"	"1"	409	0.358371041	0	0.79638009	0	4.384920464	0.626417209	3.44529465	4.378656292	0	0	140	20	110	1398	319.28
"East"	"4"	410	0.388037537	0.012585001	0.20975002	0.295201541	4.821625168	1.377607191	2.066410786	10.03685239	0	15	245	70	105	5100	508.13
"North"	"17"	411	0.307695362	0	0.231598659	0	0.735294118	0.091911765	0.459558824	1.154411765	0	0	40	5	25	628	544
"North"	"18"	412	0.422275596	0	0.26811149	0	2.209173857	0.096051037	1.536816596	7.641820524	0	0	230	10	160	7956	1041.11
"North"	"18"	413	0.214921407	0	5.666109825	0	2.449361727	0	2.449361727	7.556280928	0	0	40	0	40	1234	163.31
"North"	"18"	414	0.433275563	0	0	0.189018774	0.567056323	0	0.189018774	7.258320928	0	5	15	0	5	1920	264.52
"North"	"18"	415	0.153586056	0.007143537	0	0	0.522400022	0.024876192	0.049752383	0.730862507	0	0	105	5	10	1469	2009.95
"North"	"18"	416	0	0	0	0	0.944960556	0	0.236240139	26.68096129	0	0	40	0	10	11294	423.3
"North"	"19"	417	0.415969306	0	0	0	1.732450013	0	0	3.94305623	0	0	50	0	0	1138	288.61
"North"	"19"	418	0.356346875	0	0	0	2.689070204	0.056022296	0.112044592	13.10585591	0	0	240	5	10	11697	892.5
"North"	"20"	419	0.007854631	0	0	0	0.231781305	0	0	0.302654878	0	0	225	0	0	2938	9707.43
"North"	"19"	420	0.098398933	0	0	0	0.407371676	0	0	1.431329481	0	0	140	0	0	4919	3436.67
"North"	"20"	421	0	0	0	0	0.044075909	0	0	1.061347899	0	0	5	0	0	1204	1134.41
"North"	"20"	422	0.03125	0	0	0	0.028919816	0	0	0.384633555	0	0	10	0	0	1330	3457.84
"North"	"20"	423	0.032142857	0	0	0	1.033391412	0	0	4.891915963	0	0	130	0	0	6154	1257.99
"North"	"17"	424	0.678460627	0.025482089	0.955578348	0.136612022	6.284153005	2.18579235	5.737704918	18.57923497	0	5	230	80	210	6800	366
