"Region"	"County"	"year"	"R_redhunters"	"R_moosehunters"	"R_redharvest.West_tl1"	"R_redharvest.Region_tl1"
"East"	1	2003	30	30	745	93
"East"	1	2004	-10	-20	594	-9
"East"	1	2005	10	-20	501	104
"East"	1	2006	30	-40	1601	11
"East"	1	2007	40	-40	1302	116
"East"	1	2008	43	54	3221	96
"East"	1	2009	14	74	2775	139
"East"	1	2010	50	28	1819	91
"East"	1	2011	35	60	1155	56
"East"	1	2012	-43	-63	-2213	45
"East"	1	2013	19	-4	-2034	111
"East"	1	2014	99	-10	1076	79
"East"	1	2015	-12	-11	-1125	92
"East"	1	2016	52	-20	-1572	-74
"East"	1	2017	-4	-5	3589	221
"East"	2	2003	60	150	745	93
"East"	2	2004	40	-30	594	-9
"East"	2	2005	60	-10	501	104
"East"	2	2006	100	0	1601	11
"East"	2	2007	60	0	1302	116
"East"	2	2008	135	104	3221	96
"East"	2	2009	141	142	2775	139
"East"	2	2010	27	-25	1819	91
"East"	2	2011	92	2	1155	56
"East"	2	2012	32	35	-2213	45
"East"	2	2013	87	75	-2034	111
"East"	2	2014	-1	-27	1076	79
"East"	2	2015	52	-88	-1125	92
"East"	2	2016	57	-20	-1572	-74
"East"	2	2017	86	-62	3589	221
"East"	3	2003	40	80	745	93
"East"	3	2004	30	-10	594	-9
"East"	3	2005	30	-40	501	104
"East"	3	2006	80	-10	1601	11
"East"	3	2007	-20	60	1302	116
"East"	3	2008	105	45	3221	96
"East"	3	2009	45	20	2775	139
"East"	3	2010	60	55	1819	91
"East"	3	2011	25	15	1155	56
"East"	3	2012	40	30	-2213	45
"East"	3	2013	25	30	-2034	111
"East"	3	2014	55	-40	1076	79
"East"	3	2015	25	-15	-1125	92
"East"	3	2016	40	-25	-1572	-74
"East"	3	2017	5	-60	3589	221
"East"	4	2003	40	40	745	93
"East"	4	2004	30	-170	594	-9
"East"	4	2005	70	-50	501	104
"East"	4	2006	100	-10	1601	11
"East"	4	2007	80	-90	1302	116
"East"	4	2008	128	30	3221	96
"East"	4	2009	209	145	2775	139
"East"	4	2010	63	-15	1819	91
"East"	4	2011	149	60	1155	56
"East"	4	2012	26	-95	-2213	45
"East"	4	2013	43	-15	-2034	111
"East"	4	2014	42	-45	1076	79
"East"	4	2015	85	-60	-1125	92
"East"	4	2016	84	-55	-1572	-74
"East"	4	2017	97	-130	3589	221
"East"	5	2003	70	0	745	93
"East"	5	2004	110	-20	594	-9
"East"	5	2005	160	-50	501	104
"East"	5	2006	150	40	1601	11
"East"	5	2007	80	10	1302	116
"East"	5	2008	145	76	3221	96
"East"	5	2009	123	133	2775	139
"East"	5	2010	144	17	1819	91
"East"	5	2011	167	49	1155	56
"East"	5	2012	76	8	-2213	45
"East"	5	2013	28	-47	-2034	111
"East"	5	2014	160	54	1076	79
"East"	5	2015	38	-15	-1125	92
"East"	5	2016	85	-2	-1572	-74
"East"	5	2017	104	42	3589	221
"East"	6	2003	70	60	745	93
"East"	6	2004	80	-60	594	-9
"East"	6	2005	90	-90	501	104
"East"	6	2006	90	40	1601	11
"East"	6	2007	110	0	1302	116
"East"	6	2008	184	49	3221	96
"East"	6	2009	190	59	2775	139
"East"	6	2010	85	64	1819	91
"East"	6	2011	78	9	1155	56
"East"	6	2012	-23	8	-2213	45
"East"	6	2013	111	-38	-2034	111
"East"	6	2014	55	7	1076	79
"East"	6	2015	123	70	-1125	92
"East"	6	2016	-20	-140	-1572	-74
"East"	6	2017	-23	-40	3589	221
"West"	11	2003	180	70	745	745
"West"	11	2004	40	0	594	594
"West"	11	2005	130	-40	501	501
"West"	11	2006	20	0	1601	1601
"West"	11	2007	40	-40	1302	1302
"West"	11	2008	188	31	3221	3221
"West"	11	2009	173	50	2775	2775
"West"	11	2010	139	-17	1819	1819
"West"	11	2011	83	99	1155	1155
"West"	11	2012	31	-24	-2213	-2213
"West"	11	2013	3	-10	-2034	-2034
"West"	11	2014	104	-22	1076	1076
"West"	11	2015	113	14	-1125	-1125
"West"	11	2016	45	-4	-1572	-1572
"West"	11	2017	11	1	3589	3589
"West"	12	2003	100	60	745	745
"West"	12	2004	-10	-30	594	594
"West"	12	2005	130	60	501	501
"West"	12	2006	-40	-10	1601	1601
"West"	12	2007	60	10	1302	1302
"West"	12	2008	246	82	3221	3221
"West"	12	2009	319	66	2775	2775
"West"	12	2010	141	-4	1819	1819
"West"	12	2011	90	-7	1155	1155
"West"	12	2012	0	25	-2213	-2213
"West"	12	2013	-76	-108	-2034	-2034
"West"	12	2014	92	100	1076	1076
"West"	12	2015	-2	-6	-1125	-1125
"West"	12	2016	-21	12	-1572	-1572
"West"	12	2017	195	-12	3589	3589
"West"	14	2003	80	0	745	745
"West"	14	2004	-10	10	594	594
"West"	14	2005	-30	20	501	501
"West"	14	2006	-70	10	1601	1601
"West"	14	2007	-40	10	1302	1302
"West"	14	2008	213	31	3221	3221
"West"	14	2009	58	21	2775	2775
"West"	14	2010	-55	-29	1819	1819
"West"	14	2011	30	50	1155	1155
"West"	14	2012	-105	-14	-2213	-2213
"West"	14	2013	-60	28	-2034	-2034
"West"	14	2014	74	-23	1076	1076
"West"	14	2015	-9	24	-1125	-1125
"West"	14	2016	-23	25	-1572	-1572
"West"	14	2017	40	4	3589	3589
"West"	15	2003	-10	70	745	745
"West"	15	2004	10	60	594	594
"West"	15	2005	-80	20	501	501
"West"	15	2006	30	60	1601	1601
"West"	15	2007	-40	0	1302	1302
"West"	15	2008	300	123	3221	3221
"West"	15	2009	175	115	2775	2775
"West"	15	2010	-31	-32	1819	1819
"West"	15	2011	61	60	1155	1155
"West"	15	2012	14	25	-2213	-2213
"West"	15	2013	-73	8	-2034	-2034
"West"	15	2014	17	18	1076	1076
"West"	15	2015	106	11	-1125	-1125
"West"	15	2016	116	13	-1572	-1572
"West"	15	2017	89	-15	3589	3589
"West"	16	2003	150	110	745	745
"West"	16	2004	0	50	594	594
"West"	16	2005	140	-30	501	501
"West"	16	2006	120	30	1601	1601
"West"	16	2007	150	70	1302	1302
"West"	16	2008	340	137	3221	3221
"West"	16	2009	251	187	2775	2775
"West"	16	2010	100	82	1819	1819
"West"	16	2011	84	50	1155	1155
"West"	16	2012	9	-33	-2213	-2213
"West"	16	2013	70	-20	-2034	-2034
"West"	16	2014	113	53	1076	1076
"West"	16	2015	42	118	-1125	-1125
"West"	16	2016	72	102	-1572	-1572
"West"	16	2017	135	10	3589	3589
"South"	7	2003	20	70	745	42
"South"	7	2004	70	-40	594	53
"South"	7	2005	100	40	501	75
"South"	7	2006	60	-10	1601	48
"South"	7	2007	90	10	1302	91
"South"	7	2008	89	10	3221	126
"South"	7	2009	106	44	2775	170
"South"	7	2010	60	18	1819	99
"South"	7	2011	98	-22	1155	120
"South"	7	2012	30	19	-2213	-20
"South"	7	2013	64	30	-2034	140
"South"	7	2014	20	-27	1076	-38
"South"	7	2015	26	-10	-1125	1
"South"	7	2016	56	-46	-1572	129
"South"	7	2017	43	35	3589	128
"South"	8	2003	150	160	745	42
"South"	8	2004	200	-130	594	53
"South"	8	2005	280	-110	501	75
"South"	8	2006	180	-10	1601	48
"South"	8	2007	250	-120	1302	91
"South"	8	2008	349	-15	3221	126
"South"	8	2009	177	108	2775	170
"South"	8	2010	117	-35	1819	99
"South"	8	2011	185	95	1155	120
"South"	8	2012	87	-18	-2213	-20
"South"	8	2013	85	-75	-2034	140
"South"	8	2014	18	-140	1076	-38
"South"	8	2015	117	25	-1125	1
"South"	8	2016	55	-75	-1572	129
"South"	8	2017	-10	-105	3589	128
"South"	9	2003	60	40	745	42
"South"	9	2004	90	20	594	53
"South"	9	2005	190	-80	501	75
"South"	9	2006	90	-50	1601	48
"South"	9	2007	150	-50	1302	91
"South"	9	2008	277	20	3221	126
"South"	9	2009	217	14	2775	170
"South"	9	2010	100	48	1819	99
"South"	9	2011	128	2	1155	120
"South"	9	2012	134	41	-2213	-20
"South"	9	2013	-39	-87	-2034	140
"South"	9	2014	90	-148	1076	-38
"South"	9	2015	59	-12	-1125	1
"South"	9	2016	26	-18	-1572	129
"South"	9	2017	73	-54	3589	128
"South"	10	2003	70	10	745	42
"South"	10	2004	90	-40	594	53
"South"	10	2005	200	-110	501	75
"South"	10	2006	90	-90	1601	48
"South"	10	2007	160	-70	1302	91
"South"	10	2008	169	5	3221	126
"South"	10	2009	220	126	2775	170
"South"	10	2010	236	-28	1819	99
"South"	10	2011	252	40	1155	120
"South"	10	2012	27	-47	-2213	-20
"South"	10	2013	102	59	-2034	140
"South"	10	2014	175	0	1076	-38
"South"	10	2015	75	25	-1125	1
"South"	10	2016	30	-117	-1572	129
"South"	10	2017	84	-32	3589	128
"Mid"	17	2003	70	130	745	54
"Mid"	17	2004	70	20	594	24
"Mid"	17	2005	120	10	501	21
"Mid"	17	2006	120	40	1601	79
"Mid"	17	2007	-10	-80	1302	29
"Mid"	17	2008	209	155	3221	30
"Mid"	17	2009	84	58	2775	-44
"Mid"	17	2010	47	56	1819	14
"Mid"	17	2011	110	124	1155	30
"Mid"	17	2012	31	-62	-2213	-53
"Mid"	17	2013	88	50	-2034	-15
"Mid"	17	2014	82	93	1076	54
"Mid"	17	2015	89	-25	-1125	-30
"Mid"	17	2016	111	71	-1572	95
"Mid"	17	2017	120	63	3589	117
"Mid"	18	2003	20	150	745	54
"Mid"	18	2004	10	40	594	24
"Mid"	18	2005	10	10	501	21
"Mid"	18	2006	0	30	1601	79
"Mid"	18	2007	20	20	1302	29
"Mid"	18	2008	52	221	3221	30
"Mid"	18	2009	36	131	2775	-44
"Mid"	18	2010	44	36	1819	14
"Mid"	18	2011	-3	145	1155	30
"Mid"	18	2012	6	86	-2213	-53
"Mid"	18	2013	0	82	-2034	-15
"Mid"	18	2014	-18	23	1076	54
"Mid"	18	2015	19	98	-1125	-30
"Mid"	18	2016	13	11	-1572	95
"Mid"	18	2017	34	80	3589	117
